1232 159 211 20 57
1232 175 212 27 56
1653 116 210 37 85
1653 205 211 32 70
1125 185 222 27 57
1682 26 194 59 120
1682 125 211 56 116
1544 425 225 58 117
2168 432 243 27 67
0989 364 202 23 52
1188 442 231 30 77
1159 302 225 27 63
1538 416 222 47 105
1001 416 216 25 57
1812 441 220 63 125
1316 348 219 20 56
1316 443 216 23 57
2203 511 232 38 111
2203 596 221 31 85
1777 503 209 43 84
1777 376 213 39 79
1777 570 174 44 95
1249 116 210 27 70
1249 140 212 29 68
1628 161 209 35 73
1628 238 221 27 49
1298 411 215 22 51
1298 332 215 20 48
1006 445 217 25 58
1815 453 223 66 130
1311 426 215 22 56
1311 339 218 20 53
2204 516 232 39 113
2204 599 221 31 85
1770 562 173 40 85
1770 482 211 41 79
1770 376 212 36 75
1235 152 210 20 59
1235 168 211 28 59
1654 113 210 38 85
1654 203 211 32 71
1685 18 193 62 126
1685 116 208 59 126
1122 176 222 27 54
1543 423 224 57 116
1247 121 210 26 68
1247 144 212 28 66
1181 403 229 30 76
1626 164 208 34 74
1626 239 220 28 50
1150 269 222 27 63
1531 405 221 46 95
1296 408 215 22 50
1296 331 214 20 47
1008 458 217 26 59
2161 421 238 27 65
1074 23 219 27 46
0980 347 215 21 48
1415 495 206 46 98
1363 488 230 31 98
1702 32 214 94 185
1702 6 200 52 136
2166 429 243 27 67
1073 19 220 27 46
1412 481 211 47 100
0987 359 202 23 51
1364 493 230 31 99
1705 15 220 99 205
1705 3 201 50 142
1240 139 210 22 63
1240 158 211 28 62
1621 171 205 33 76
1621 244 218 29 51
1186 431 231 30 76
1157 296 225 27 63
1291 330 213 20 45
1536 412 222 47 104
1318 353 219 20 57
1318 450 216 23 57
1779 510 208 44 85
1779 376 213 39 80
1779 572 175 44 96
1668 75 207 47 98
1668 170 214 41 83
1209 603 242 30 96
1097 101 211 27 52
2182 460 236 30 81
1351 435 217 25 83
1380 592 237 46 125
1427 527 218 47 106
2153 411 209 27 63
1503 393 212 35 67
1162 308 225 27 63
1275 6 211 36 110
1275 43 221 37 99
1829 544 238 83 169
1504 393 213 35 68
1165 321 224 28 64
1272 23 211 35 104
1272 60 217 37 96
1119 167 223 27 53
1090 79 211 27 50
1737 355 213 34 62
2185 467 235 31 85
1356 455 224 28 89
1420 505 211 46 101
2154 412 208 27 64
1745 362 218 34 65
1324 366 221 20 61
1324 472 219 24 58
1820 474 227 71 140
1452 574 223 59 140
1794 566 196 41 99
1794 386 215 45 90
1794 602 194 36 88
1117 161 223 27 52
1661 97 208 42 87
1661 190 211 34 71
1200 520 235 30 91
1739 356 215 34 62
1358 463 226 29 92
1110 140 217 27 52
1666 82 207 46 94
1666 176 213 38 79
1207 585 239 30 96
1099 107 211 27 52
1429 532 208 50 113
1742 359 217 34 63
1484 403 209 33 67
1323 364 221 20 61
1323 468 218 24 58
1455 577 222 59 146
1827 523 236 86 154
1793 562 197 41 98
1793 383 214 44 88
1793 603 190 35 100
1438 546 213 55 124
1088 72 210 27 49
1677 46 204 53 114
1677 143 219 51 101
1216 194 214 20 42
1216 210 215 21 44
1560 484 230 89 196
1101 113 212 27 52
1444 563 216 58 130
1782 520 205 44 87
1782 376 213 40 82
1782 578 176 43 98
1025 604 244 26 61
1753 440 209 35 68
1753 369 218 34 68
1332 384 225 20 66
1332 513 225 32 68
1495 395 210 33 72
1443 560 216 58 129
1831 566 238 74 180
1022 577 241 26 61
1785 531 202 43 90
1785 378 214 41 83
1785 587 178 41 98
1754 442 209 36 69
1754 370 217 34 68
1492 397 210 33 70
1335 391 225 20 68
1335 532 227 34 74
1398 440 209 38 75
1349 428 217 24 81
1670 69 206 48 101
1670 164 215 43 87
1106 128 214 27 52
1263 68 210 33 88
1263 102 213 36 85
1515 394 219 35 76
1174 366 224 29 71
1431 534 209 51 116
2145 405 230 27 61
2194 478 233 34 96
1081 50 210 27 48
1347 422 218 23 79
1108 134 216 27 52
1436 541 212 54 121
2193 475 233 33 95
1086 66 210 27 49
1340 403 225 20 72
1340 569 227 34 84
1679 38 199 56 116
1679 135 215 53 107
1218 190 213 20 44
1218 205 215 22 45
1264 64 210 33 89
1264 98 213 37 87
1512 394 217 35 74
1173 361 224 29 70
1375 561 229 31 112
2177 448 237 29 74
1403 454 203 45 93
0996 391 215 24 55
1309 428 214 22 56
1309 337 217 20 53
1768 561 173 37 81
1768 477 211 40 78
1768 376 211 36 74
1146 254 221 27 63
1527 400 218 42 83
1280 7 226 41 111
1251 111 210 29 71
1251 136 212 29 69
1197 499 232 30 85
1630 158 210 36 72
1630 236 222 27 49
1019 548 228 26 61
1141 236 220 27 63
1287 330 213 20 44
1520 395 212 40 81
1256 97 210 31 75
1256 126 213 29 72
1637 147 212 35 75
1637 228 219 28 56
1190 454 231 30 78
1372 541 229 31 108
2170 435 242 27 68
0991 370 206 23 53
1404 459 203 45 94
1300 414 215 22 52
1300 332 215 20 49
1761 458 211 38 73
1761 376 213 34 71
1017 528 219 26 61
1804 413 217 55 109
1289 330 213 20 44
1258 90 210 32 78
1258 120 213 31 76
1639 143 212 35 77
1639 226 217 29 59
1133 207 218 27 63
1694 17 198 52 116
1694 87 206 73 151
1552 443 227 66 140
1224 176 212 20 49
1224 192 214 24 50
1645 133 212 34 81
1645 218 212 31 67
2179 453 237 29 76
0998 400 216 24 56
1693 17 198 52 116
1693 94 206 70 149
1134 211 218 27 63
1555 453 226 73 159
1223 179 212 20 49
1223 194 214 24 49
1642 138 212 34 79
1642 222 215 30 63
2212 565 236 52 139
1307 425 214 22 55
1307 335 217 20 52
1766 560 173 35 76
1766 471 211 39 76
1766 377 211 35 73
1010 472 217 26 60
1803 410 216 54 107
1148 262 221 27 63
1529 403 221 45 88
1199 512 234 30 89
1111 143 218 27 52
1667 79 207 46 96
1667 173 214 39 81
1206 573 239 30 96
1098 104 211 27 52
1428 530 219 47 106
1743 360 217 34 64
1322 362 221 20 60
1322 464 218 23 58
1485 403 209 33 67
1454 576 222 59 144
1826 514 235 85 151
1792 558 197 42 97
1792 382 214 44 87
1792 603 188 35 100
1744 361 218 34 64
1325 369 222 20 62
1325 477 219 24 59
1821 479 228 72 142
1453 575 223 59 142
1795 570 196 41 99
1795 388 215 46 92
1116 158 223 27 52
1660 99 209 42 86
1660 192 211 34 71
1201 527 235 30 92
1738 355 214 34 62
1359 468 227 30 93
1505 393 214 35 68
1164 316 225 28 64
1273 18 211 35 106
1273 55 218 37 97
1118 164 223 27 52
2184 464 236 31 83
1736 354 212 34 61
1091 82 211 27 50
1357 459 225 29 91
1421 507 212 46 102
2155 413 208 27 64
1669 72 206 48 100
1669 167 215 42 85
1208 595 240 30 96
2183 462 236 31 82
1096 97 211 27 51
1350 431 217 24 82
1426 523 217 47 105
2152 410 209 27 63
1502 393 212 35 66
1163 311 225 28 64
1274 12 211 36 108
1274 49 220 37 98
1828 533 237 85 160
2167 430 243 27 67
1413 492 204 45 97
0986 357 204 22 51
1365 498 230 31 100
1704 20 218 97 198
1704 4 200 50 140
1241 137 210 23 64
1241 156 211 28 63
1187 437 231 30 76
1620 172 204 32 77
1620 244 218 29 51
1156 292 224 27 63
1537 414 222 47 105
1290 330 213 20 45
1319 355 220 20 58
1319 454 217 23 57
1778 507 209 43 84
1778 376 213 39 80
1778 571 175 44 96
1246 124 210 26 67
1246 146 212 28 66
1627 163 208 35 73
1627 238 221 28 50
1180 397 228 30 76
1151 273 222 27 63
1297 410 215 22 51
1297 331 215 20 48
1530 404 221 46 92
1009 465 217 26 59
1075 26 219 27 46
2160 420 236 27 65
0981 351 216 22 48
1414 493 205 45 98
1362 483 230 31 97
1703 26 216 96 191
1703 5 200 51 138
1248 118 210 27 69
1248 142 212 29 67
1629 160 210 35 72
1629 237 222 27 49
1299 413 215 22 52
1299 332 215 20 48
1007 452 217 25 59
1814 449 222 65 128
2205 521 232 40 116
2205 602 222 31 85
1310 423 215 22 56
1310 338 217 20 53
1771 563 173 40 87
1771 485 211 41 80
1771 376 212 37 76
1234 154 210 20 58
1234 170 211 27 58
1655 111 210 39 85
1655 201 211 33 71
1123 179 222 27 55
1684 21 193 62 124
1684 119 209 58 122
1542 421 223 56 115
1233 157 210 20 57
1233 172 211 27 57
1652 118 211 37 84
1652 207 211 32 70
1683 23 193 61 122
1683 122 210 57 119
1124 182 222 27 56
1545 428 226 59 118
2169 433 243 27 67
0988 361 202 23 51
1189 448 231 30 77
1158 299 225 27 63
1539 417 223 47 105
1000 410 216 25 56
1813 445 221 64 126
2202 507 232 37 108
2202 592 220 31 83
1317 351 219 20 57
1317 447 216 23 57
1776 376 212 38 79
1776 500 209 43 83
1776 568 174 44 94
2178 451 237 29 75
0999 405 216 24 56
1135 215 218 27 63
1692 6 197 67 143
1692 102 205 66 147
1554 449 226 71 152
1222 181 213 20 48
1222 197 214 23 49
1643 136 212 34 80
1643 221 214 30 64
1306 423 214 22 54
1306 334 217 20 51
2213 572 237 54 143
1767 560 173 36 78
1767 474 211 40 77
1767 377 211 35 74
1011 479 217 26 60
1802 407 216 53 105
1802 601 194 40 106
1149 266 222 27 63
1528 401 219 42 83
1198 505 233 30 87
1301 416 215 22 52
1301 332 216 20 49
2214 580 237 57 147
1760 456 211 38 72
1760 376 214 34 70
1016 519 217 26 61
1805 417 217 56 111
1288 330 213 20 44
1259 86 210 32 80
1259 117 213 33 78
1638 145 212 35 76
1638 227 218 28 57
1695 16 198 51 117
1695 79 207 77 154
1132 204 218 27 63
1553 446 226 68 146
1225 174 212 20 50
1225 190 213 24 51
1644 135 212 34 81
1644 220 213 30 66
1018 537 223 26 61
1140 233 219 27 63
1521 396 213 41 82
1286 330 212 20 43
1257 94 210 32 77
1257 123 213 30 74
1191 460 231 30 78
1636 149 212 35 74
1636 229 220 28 54
1373 548 229 31 109
2171 436 241 27 68
0990 367 204 23 52
1405 465 203 46 96
1374 554 229 31 110
2176 446 238 28 72
1402 450 204 44 91
0997 396 215 24 55
1308 427 214 22 55
1308 335 217 20 52
1769 561 173 38 83
1769 479 211 40 78
1769 376 212 36 75
1147 258 221 27 63
1526 399 217 42 83
1250 113 210 28 70
1250 138 212 29 68
1631 157 211 36 71
1631 235 223 27 49
1196 492 232 30 83
1437 543 213 55 122
2143 404 248 27 61
1087 69 210 27 49
2192 473 234 33 94
1341 405 223 21 73
1341 577 226 34 87
1678 42 202 54 115
1678 139 217 52 104
1219 188 213 20 45
1219 203 215 22 46
1265 59 211 34 91
1265 94 213 37 88
1513 394 218 35 75
1172 357 223 29 69
1262 73 210 33 86
1262 106 213 36 84
1514 394 218 35 76
1175 370 224 30 73
1430 533 209 51 115
2144 404 239 27 61
1080 47 210 27 47
2195 481 233 34 97
1346 419 218 23 78
1109 137 216 27 52
1442 556 215 57 128
1830 555 238 79 177
1784 527 203 43 89
1784 377 213 41 83
1784 584 178 42 98
1023 586 243 26 61
1755 444 210 36 69
1755 371 217 34 69
1334 388 225 20 68
1334 525 226 34 72
1493 396 210 33 71
1399 441 207 40 80
1348 425 217 24 80
1671 66 206 49 103
1671 161 216 44 89
1566 556 251 85 244
1107 131 215 27 52
1439 548 214 56 125
1089 75 210 27 50
1676 49 204 52 112
1676 146 219 49 99
1217 192 214 20 43
1217 208 215 22 45
1561 493 232 93 205
1100 110 212 27 52
1445 567 227 58 125
1024 594 244 26 61
1783 524 204 43 88
1783 377 213 41 82
1783 581 177 42 98
1752 438 208 35 67
1752 368 218 34 67
1494 396 210 33 71
1333 386 225 20 67
1333 519 226 33 70
1763 463 211 39 74
1763 378 211 34 72
1302 417 215 22 53
1302 333 216 20 50
1806 420 217 57 113
1015 510 217 26 61
1408 473 204 46 98
1550 439 229 61 130
1696 10 198 56 125
1696 72 208 80 157
1131 204 218 27 63
1647 129 212 34 83
1647 216 211 31 70
1226 172 212 20 51
1226 188 213 25 52
1379 586 235 37 122
1557 462 226 79 173
1136 218 219 27 63
1691 7 195 67 140
1691 104 205 65 144
1640 142 212 35 77
1640 225 217 29 60
1221 183 213 20 47
1221 199 214 23 48
1764 565 181 25 63
1764 466 211 39 75
1764 378 211 34 72
2210 551 235 48 132
1305 422 214 22 54
1305 334 216 20 51
1801 404 216 52 103
1801 596 194 40 105
1012 487 217 26 60
1377 573 230 32 116
0994 382 213 24 54
1401 447 204 43 88
2175 444 238 28 71
1559 476 228 86 188
1138 226 219 27 63
1525 398 216 42 83
1144 247 220 27 63
1632 234 223 26 48
1632 156 211 36 71
1195 485 231 30 82
1253 105 210 30 73
1253 132 213 29 70
1808 427 218 59 117
1522 396 213 41 82
1285 330 212 20 43
1143 244 220 27 63
1192 466 231 30 79
1635 231 221 27 53
1635 150 212 36 73
1254 103 210 30 73
1254 130 213 29 71
1370 529 230 31 106
1406 469 203 46 97
0993 378 211 24 54
2172 438 240 27 68
1698 9 199 54 129
1698 58 209 86 165
1649 125 211 35 84
1649 212 211 32 70
1228 168 211 20 53
1228 183 213 25 53
1789 546 199 42 94
1789 380 214 43 86
1789 598 183 37 99
1339 401 225 20 71
1339 561 227 34 82
1758 451 210 37 71
1758 374 215 34 70
1261 77 210 33 84
1261 110 213 35 82
1176 375 224 30 74
1517 394 212 38 77
2147 407 216 27 62
1433 537 211 53 118
1345 416 219 22 77
2196 485 232 34 99
2196 573 219 27 66
1083 57 210 27 48
1434 538 211 53 119
1342 408 222 21 74
1342 586 226 34 89
2191 471 234 33 92
1084 60 210 27 48
1448 570 225 58 132
1499 392 211 32 73
1266 54 211 34 93
1266 90 213 37 89
1171 352 223 29 68
1510 393 216 35 72
1675 53 205 52 110
1675 149 218 48 97
1103 119 213 27 52
1562 504 235 97 214
1780 513 208 44 85
1780 376 213 40 81
1780 574 175 44 97
1446 568 226 58 127
1497 393 211 32 73
1330 379 224 20 65
1330 502 223 29 65
1751 436 208 35 67
1751 367 218 34 67
1268 44 211 34 97
1268 81 214 37 92
1787 538 200 43 92
1787 379 214 42 84
1787 593 181 39 99
1020 558 234 26 61
1441 553 215 57 127
1337 396 225 20 70
1337 546 227 34 78
1490 399 210 33 69
1756 447 210 36 70
1756 372 216 34 69
1178 385 226 30 76
1519 395 212 40 80
2149 408 210 27 62
2198 492 232 35 101
2198 579 219 28 71
1672 62 206 50 105
1672 158 216 45 91
1104 122 213 27 52
1565 541 246 95 239
1169 343 223 28 67
1508 393 215 35 71
1326 371 222 20 63
1326 481 220 25 60
1747 364 218 34 65
1796 574 195 41 100
1796 391 215 47 93
1450 581 224 49 136
1822 483 229 73 144
1115 155 223 27 52
1202 535 236 30 94
1663 91 208 44 89
1663 185 212 35 73
2189 468 234 32 90
2158 417 228 27 65
1112 146 219 27 52
1205 562 238 30 96
1664 88 208 44 90
1664 182 212 36 75
1279 15 226 39 106
1618 175 203 32 78
1618 246 217 30 52
1321 360 220 20 59
1321 460 218 23 58
1486 402 209 33 68
1740 357 215 34 63
1791 554 198 42 96
1791 382 214 43 87
1791 602 186 36 100
1825 505 233 83 148
1457 580 221 60 150
1353 442 219 26 86
1095 94 211 27 51
2180 455 237 30 78
2151 409 209 27 63
1425 519 216 47 105
1160 304 225 27 63
1501 393 211 35 65
1277 30 224 37 100
1488 400 209 33 68
1167 332 224 28 65
1506 393 214 35 69
1270 34 211 35 100
1270 71 215 37 94
1328 375 223 20 64
1328 491 221 26 62
1749 365 218 34 66
1798 583 195 40 102
1798 396 215 49 97
1354 446 221 27 87
1735 353 211 34 61
1092 85 211 27 50
2187 466 235 32 87
2156 414 214 27 64
1422 510 213 46 103
1624 167 207 34 75
1624 241 219 28 50
1183 414 230 30 76
1245 126 210 25 67
1245 148 212 28 65
1294 405 215 22 50
1294 331 214 20 46
1533 408 221 47 99
1152 277 223 27 63
1819 470 226 70 138
2208 538 234 45 125
1658 104 209 41 86
1658 196 211 33 71
1239 142 210 22 62
1239 160 211 28 61
1689 10 194 66 135
1689 107 206 63 138
1417 498 208 46 100
0982 355 216 22 49
2163 424 242 27 66
1076 29 219 27 46
1700 45 211 90 173
1700 7 199 53 132
1361 478 229 31 95
1548 436 229 59 123
1129 197 220 27 61
0985 355 207 22 50
1410 475 206 47 100
2164 426 243 27 66
1707 4 224 100 222
1707 2 219 48 128
1366 504 230 31 101
1184 420 231 30 76
1623 168 206 33 75
1623 242 219 29 51
1242 134 210 23 65
1242 154 211 28 63
1534 409 221 47 101
1293 404 215 22 49
1293 331 214 20 46
1155 289 224 27 63
1651 120 211 36 84
1651 209 211 32 70
1230 163 211 20 55
1230 179 212 26 55
1546 430 227 59 120
1680 33 197 57 117
1680 131 214 54 110
1127 191 221 27 59
1709 1 228 88 228
1709 1 202 47 150
1368 516 230 31 103
1810 434 219 61 121
1003 427 216 25 57
1775 376 212 38 78
1775 497 210 42 82
1775 567 174 43 93
1314 436 215 22 57
1314 344 218 20 55
2201 503 232 36 106
2201 589 220 30 81
1817 461 224 68 134
1004 433 217 25 58
1772 564 173 41 88
1772 488 210 41 80
1772 376 212 37 76
1313 433 215 22 57
1313 343 218 20 54
2206 526 233 41 119
2206 606 222 31 85
1656 109 210 39 85
1656 199 211 33 71
1237 147 210 21 61
1237 164 211 28 60
1541 419 221 55 113
1120 170 223 27 53
1687 14 193 64 130
1687 112 207 61 132
1419 503 210 46 101
1078 36 218 27 47
1021 568 238 26 61
1786 534 201 43 91
1786 378 214 42 84
1786 590 180 40 99
1832 578 238 62 176
1440 551 214 56 126
1491 398 210 33 70
1336 393 225 20 69
1336 539 227 34 76
1757 449 210 37 71
1757 373 216 34 69
1179 391 227 30 76
1518 395 212 39 78
2148 407 212 27 62
2199 495 232 35 103
2199 583 220 29 75
1673 59 205 50 107
1673 155 217 46 93
1105 125 214 27 52
1564 526 241 105 233
1674 56 205 51 109
1674 152 218 47 95
1102 116 212 27 52
1563 515 238 101 224
1781 517 206 44 86
1781 376 213 40 81
1781 576 176 44 97
1026 615 243 26 61
1447 569 226 58 130
1331 381 224 20 66
1331 507 224 30 66
1496 394 210 32 72
1750 434 207 34 66
1750 366 218 34 67
1269 39 211 35 99
1269 76 214 37 93
1435 540 212 54 120
1343 410 221 22 75
1343 594 226 34 92
1085 63 210 27 49
2190 469 234 33 91
1449 571 225 59 134
1498 393 211 32 73
1267 49 211 34 95
1267 86 213 37 91
1170 348 223 28 67
1511 394 217 35 73
1788 542 199 42 93
1788 380 214 42 85
1788 596 182 38 99
1338 398 225 20 71
1338 553 227 34 80
1759 454 211 37 72
1759 375 214 34 70
1260 81 210 32 82
1260 113 213 34 80
1177 380 224 30 76
1516 394 212 37 74
2146 406 222 27 62
1432 535 210 52 117
1344 413 220 22 76
1344 604 225 34 94
1082 53 210 27 48
2197 488 232 34 100
2197 576 219 27 68
1809 430 219 60 119
1523 397 214 41 83
1142 240 220 27 63
1634 232 222 27 51
1634 152 212 36 73
1193 473 231 30 80
1255 100 210 31 74
1255 128 213 29 72
1371 535 230 31 107
1407 471 203 46 97
0992 374 208 23 53
2173 439 238 27 68
1699 8 199 54 130
1699 51 210 88 169
1648 127 212 34 83
1648 214 211 31 70
1229 165 211 20 54
1229 181 212 26 54
1376 567 229 31 114
0995 387 214 24 54
1400 444 206 42 84
2174 442 238 28 70
1558 468 227 82 180
1139 229 219 27 63
1524 397 215 41 83
1145 251 220 27 63
1194 479 231 30 81
1633 233 222 27 50
1633 154 211 36 72
1252 108 210 29 72
1252 134 213 29 70
1378 579 232 34 119
1556 457 226 76 166
1690 9 194 66 137
1690 105 206 64 141
1137 222 219 27 63
1641 140 212 35 78
1641 223 216 29 61
1220 185 213 20 46
1220 201 214 23 47
1765 560 173 33 74
1765 468 211 39 76
1765 377 211 35 73
1304 420 215 22 54
1304 333 216 20 50
2211 558 235 50 136
1800 401 216 51 101
1800 592 194 40 104
1013 494 217 26 60
1762 461 211 38 74
1762 377 212 34 71
1303 419 215 22 53
1303 333 216 20 50
1807 423 218 58 115
1014 502 217 26 61
1409 474 205 47 99
1551 441 227 63 135
1130 202 218 27 63
1697 9 198 55 127
1697 65 208 83 161
1646 131 212 34 82
1646 217 212 31 69
1227 170 212 20 52
1227 186 213 25 52
1816 457 223 67 132
1005 439 217 25 58
1773 565 173 42 90
1773 491 210 42 81
1773 376 212 37 77
2207 532 233 43 122
1312 429 214 22 57
1312 341 218 20 54
1657 106 209 40 86
1657 197 211 33 71
1236 150 210 20 60
1236 166 211 28 59
1540 418 220 54 113
1686 16 193 63 128
1686 114 208 60 129
1121 173 223 27 54
1418 500 209 46 100
1079 44 210 27 47
1650 123 211 35 84
1650 210 211 32 70
1231 161 211 20 56
1231 177 212 26 55
1547 433 228 59 122
1126 188 221 27 58
1681 30 195 58 119
1681 128 212 55 113
1708 2 226 94 225
1708 1 201 48 148
1369 522 230 31 105
1811 438 220 62 123
1002 421 216 25 57
1774 566 174 43 92
1774 494 210 42 82
1774 376 212 38 78
2200 499 232 36 105
2200 586 220 30 78
1315 346 218 20 55
1315 440 215 22 57
1549 439 230 59 125
1128 194 220 27 60
0984 354 209 22 50
1411 478 208 47 100
2165 427 243 27 66
1706 9 222 100 213
1706 3 201 49 144
1367 510 230 31 102
1622 169 205 33 76
1622 243 218 29 51
1185 426 231 30 76
1243 132 210 24 65
1243 152 211 28 64
1292 402 215 22 49
1292 331 214 20 46
1535 411 221 47 103
1154 285 224 27 63
1182 409 230 30 76
1625 165 207 34 74
1625 240 220 28 50
1244 129 210 25 66
1244 150 212 28 65
1532 406 221 47 97
1295 407 215 22 50
1295 331 214 20 47
1153 281 223 27 63
1818 465 225 69 136
2209 544 234 46 128
1659 102 209 41 86
1659 194 211 33 71
1238 145 210 21 62
1238 162 211 28 61
1688 12 193 65 132
1688 109 206 62 135
1416 496 207 46 99
0983 359 216 22 49
1077 33 218 27 47
2162 423 240 27 66
1701 38 213 92 179
1701 6 199 52 134
1360 473 228 30 94
1166 327 224 28 65
1507 393 215 35 70
1271 29 211 35 102
1271 66 216 37 95
1329 377 224 20 64
1329 496 222 28 63
1748 365 218 34 66
1799 399 215 50 99
1799 587 195 40 103
1355 450 222 28 88
2186 469 235 31 86
1093 88 211 27 51
1734 352 209 33 60
2157 416 223 27 64
1423 513 214 46 103
1352 438 217 25 84
2181 458 236 30 79
1733 351 208 33 60
1094 91 211 27 51
2150 409 210 27 63
1424 516 215 46 104
1161 306 225 27 63
1500 393 211 35 64
1276 1 211 36 111
1276 37 223 37 100
1617 176 202 31 78
1617 247 216 30 52
1489 399 209 33 69
1458 581 220 60 152
1113 149 220 27 52
1204 552 238 30 96
1665 85 207 45 92
1665 179 213 37 77
1278 24 226 37 101
1619 174 204 32 77
1619 245 217 29 52
1487 401 209 33 68
1320 357 220 20 59
1320 457 217 23 58
1741 358 216 34 63
1790 550 198 42 95
1790 381 214 43 86
1790 600 185 36 99
1824 496 232 79 147
1456 579 221 60 148
1168 338 223 28 66
1509 393 216 35 72
1327 373 223 20 63
1327 486 220 25 61
1746 363 218 34 65
1797 579 195 41 101
1797 393 215 48 95
1451 573 224 59 138
1823 488 230 74 146
1114 152 222 27 52
1203 543 237 30 95
1662 95 208 43 87
1662 188 211 34 71
2188 467 235 32 89
2159 419 232 27 65
